11111111111111111111111111111111111111111111111111
11111111111111111111111111111111111111111111111111
11111111111111111111111111111111111111111111111111
11111111111111111111111111111111111111111111111111
11111000000001100001111111110111101110000000011111
11110011111101111101101111111111101110111111011111
11110111111101111101101111111111101110111111011111
11110110001101011110000011101011101110100001011111
11110110001101000111110111110111011110100001011111
11110110001101000100110001110011011110100001011111
11110111111101100111110101110001111110111111011111
11110111111101111111110101110001111110111111011111
11110000000001011010110101101011010110000000011111
11111111111111110101111111010011100111111111111111
11111000011101111101100011000001111111110001111111
11111001011111111111100111100000111111111101011111
11111101001110111111100111100001101110111100011111
11110001111101011100000111111011000001001100011111
11111111001111011100001001111111100110001110111111
11111111111001111110110011111111100011000111111111
11111111111111111110111011111111111111010011111111
11111110111110011000111001110110111111011000111111
11111111111100011111101100000000110110111101111111
11110110100011111010110011101000011100101101111111
11111111101101111100011110001000011100100000011111
11111001101111110110001111111001111000100001011111
11111011001110111111000111111111100000110001111111
11111110011001011111100000011110011101111010111111
11111110100011011100110100011111010001011011011111
11111011100001110011100000000110001111111101111111
11110011100111111011110000000111101111111111111111
11111111101111111001110000000011101110111110011111
11111111001100111100000111001000000001101100011111
11111100001111011111100001110011101101000010111111
11111111111001111111110001110111111000001111111111
11111111111111111111110011110111110011101111111111
11111111111111100010110011000111000111101111111111
11110000000001111010111100010011000110101111111111
11110111111101110010110101110000100111100001111111
11110110001101110000011101110000100000001100111111
11110110001101111100011111111000110011011110111111
11110110001101011100110111101100011111011110111111
11110110001101000110111001111111001110111110111111
11110111111101011001110111000111000000011111011111
11110000000001011000110011010111111111111101111111
11111111111111111111111111111111111111111111111111
11111111111111111111111111111111111111111111111111
11111111111111111111111111111111111111111111111111
11111111111111111111111111111111111111111111111111
11111111111111111111111111111111111111111111111111

